7
9 0
0 0 0 2 4 0 0 0 1
0 0 0 0 0 0 0 6 0
0 0 0 0 0 0 5 7 4
0 0 3 0 8 0 0 1 0
5 0 4 0 0 0 0 0 8
0 0 0 7 0 0 0 0 0
0 0 0 6 0 9 0 0 0
0 0 8 0 0 0 6 0 0 
0 7 0 0 0 4 0 9 2

9 0
0 2 6 0 0 0 8 1 0
3 0 0 7 0 8 0 0 6
4 0 0 0 5 0 0 0 7
0 5 0 1 0 7 0 9 0
0 0 3 9 0 5 1 0 0 
0 4 0 3 0 2 0 5 0
1 0 0 0 3 0 0 0 2
5 0 0 2 0 4 0 0 9
0 3 8 0 0 0 4 6 0

9 1
8 0 0 0 0 0 0 0 2
4 0 0 0 0 0 0 0 7
0 7 0 0 0 0 0 9 0
0 0 5 0 0 0 4 0 0
0 0 0 1 4 5 0 0 0 
0 0 6 0 0 0 9 0 0
0 3 0 0 0 0 0 8 0
9 0 0 0 0 0 0 0 4
1 0 0 0 0 0 0 0 6

16 0
0 0 0 A 0 F 0 0 0 0 E 0 6 0 0 0
0 0 C 0 1 6 2 0 0 3 7 8 0 5 0 0
0 3 0 0 0 0 0 5 9 0 0 0 0 0 F 0
0 6 B E 9 0 0 0 0 0 0 F 1 D 8 0
0 0 5 F 0 2 0 9 4 0 A 0 E B 0 0
0 0 E 7 4 0 1 G 6 8 0 9 F 2 0 0
0 0 D 0 0 0 0 B E 0 0 0 0 9 0 0
0 0 0 0 6 C 0 0 0 0 D 5 0 0 0 0
F 8 A 0 7 0 D 0 0 9 0 E 0 6 1 C
0 7 0 G F E 0 0 0 0 6 C 2 0 B 0
0 4 0 0 0 1 9 C 7 F 8 0 0 0 5 0
0 2 0 3 A B 0 8 D 0 4 1 G 0 7 0
0 G 7 0 2 4 3 0 0 C 9 B 0 1 E 0
0 0 0 9 0 0 0 0 0 0 0 0 5 0 0 0
1 D 3 0 0 5 7 0 0 E G 0 0 F 2 4
B 0 2 0 0 9 0 6 1 0 F 0 0 3 0 7

16 0
3 8 0 0 0 0 B 1 0 0 6 A D 0 0 5
A 0 6 1 8 C G 0 D 5 B 0 0 9 7 4
0 D B G 7 0 0 0 4 C 2 9 E 0 1 A
0 4 E 2 5 D 0 9 0 0 0 0 F 0 B 0
0 B 3 9 C G 0 7 0 1 0 D 0 F A 0
0 1 0 F B 2 4 0 6 9 0 7 0 E 0 8
E 7 0 0 0 1 0 8 F B A 0 C D 0 6
8 0 0 A D 0 5 6 E 0 0 0 0 7 9 1
0 2 A 0 0 5 8 G 9 0 4 B 1 0 0 0
0 5 G 0 2 A 1 0 0 0 0 6 8 0 0 9
1 3 C 0 0 0 7 0 G 0 0 5 0 A 0 D
B 0 8 0 6 E 0 0 1 A F 2 G 4 5 3
2 0 F B 0 0 6 0 A 4 0 8 7 0 0 E
0 6 0 0 4 B D E 0 0 G C 0 2 8 F
0 E 7 D A 0 0 5 0 0 0 F 0 3 C 0
C A 5 0 0 7 9 F 0 E D 3 6 1 0 B

16 0
7 8 0 0 D 0 1 B 0 A 4 3 E 0 0 0 
0 E 0 0 4 0 0 0 1 0 0 0 6 8 0 F
0 0 0 0 6 0 0 0 0 0 0 0 0 0 0 G
G C 0 0 8 7 5 0 6 0 E 0 0 D 0 0
C 0 0 1 0 0 0 8 0 D 0 0 2 6 0 0
9 F A B G 0 0 0 0 4 3 0 0 0 0 5
0 0 0 6 0 0 0 3 C 0 1 0 0 0 0 0
0 3 0 0 0 2 0 5 7 F 0 0 0 0 D 8
0 9 0 0 0 8 2 0 F B 0 0 0 0 0 E
3 0 0 0 0 0 A 6 0 0 0 0 8 0 C 0
D 0 0 0 0 0 G 0 E 0 6 1 0 F 0 9
0 A B 2 0 0 7 0 5 0 0 0 0 0 0 0
2 0 7 0 E C 0 1 0 0 5 0 0 0 8 0
0 0 0 0 0 9 0 0 A 0 F 0 B 0 0 0
0 5 0 0 0 0 B 0 0 0 7 0 3 9 0 C
0 0 9 0 5 F D 0 0 0 0 C 0 0 1 0
